0.000000 -0.035161
0.100000 0.024848
0.200000 -0.324821
0.300000 0.462687
0.400000 -0.353058
0.500000 0.441837
0.600000 0.323615
0.700000 0.586926
0.800000 0.244686
0.900000 0.321824
1.000000 0.187218
1.100000 0.237074
1.200000 -0.404458
1.300000 0.283979
1.400000 -0.054867
1.500000 0.077617
1.600000 0.247631
1.700000 -0.118634
1.800000 0.067019
1.900000 -0.035609
2.000000 -0.141467
2.100000 -0.124008
2.200000 0.418926
2.300000 -0.445579
2.400000 -0.573611
2.500000 -0.153658
2.600000 0.295357
2.700000 -0.178968
2.800000 -0.100257
2.900000 0.137542
3.000000 0.421939
3.100000 0.291879
3.200000 0.105485
3.300000 0.799166
3.400000 0.187797
3.500000 0.968996
3.600000 0.469264
3.700000 -0.060647
3.800000 -0.014137
3.900000 -0.073273
4.000000 0.035745
4.100000 -0.117678
4.200000 0.629032
4.300000 0.194370
4.400000 0.544020
4.500000 0.430095
4.600000 0.295750
4.700000 0.577857
4.800000 0.320529
4.900000 0.551753
5.000000 0.720074
5.100000 -0.342980
5.200000 0.066323
5.300000 0.567342
5.400000 0.357338
5.500000 0.160104
5.600000 0.236136
5.700000 0.154760
5.800000 0.524788
5.900000 0.433372
6.000000 0.422466
6.100000 0.305757
6.200000 0.611589
6.300000 0.719237
6.400000 0.391923
6.500000 0.056056
6.600000 0.408991
6.700000 0.683083
6.800000 0.067753
6.900000 0.483842
7.000000 0.200214
7.100000 0.509443
7.200000 0.069049
7.300000 0.456741
7.400000 -0.047928
7.500000 0.360300
7.600000 0.521152
7.700000 0.832979
7.800000 0.127795
7.900000 0.017287
8.000000 0.055682
8.100000 0.797422
8.200000 0.691478
8.300000 0.562216
8.400000 0.604601
8.500000 0.225740
8.600000 0.196452
8.700000 0.603117
8.800000 0.346451
8.900000 0.326527
9.000000 1.122855
9.100000 1.291207
9.200000 0.011810
9.300000 0.959158
9.400000 0.318840
9.500000 0.371830
9.600000 0.788507
9.700000 0.448708
9.800000 0.823897
9.900000 0.300927
10.000000 0.353325
10.100000 0.723859
10.200000 0.849275
10.300000 0.623771
10.400000 0.448348
10.500000 0.790521
10.600000 0.622882
10.700000 0.682479
10.800000 1.042124
10.900000 0.928468
11.000000 0.930250
11.100000 -0.007079
11.200000 0.975965
11.300000 0.823923
11.400000 0.949406
11.500000 0.705468
11.600000 0.649671
11.700000 0.200377
11.800000 0.863418
11.900000 1.050718
12.000000 0.713142
12.100000 1.426969
12.200000 0.135403
12.300000 0.820336
12.400000 0.947945
12.500000 0.568378
12.600000 1.134220
12.700000 0.857586
12.800000 1.849053
12.900000 1.056235
13.000000 0.990252
13.100000 0.907748
13.200000 0.816192
13.300000 1.014060
13.400000 1.111954
13.500000 1.199328
13.600000 1.018256
13.700000 1.694436
13.800000 1.578270
13.900000 1.482459
14.000000 2.031931
14.100000 1.457230
14.200000 1.612635
14.300000 1.389902
14.400000 1.935291
14.500000 2.498100
14.600000 2.176670
14.700000 1.773978
14.800000 1.833619
14.900000 2.111328
15.000000 2.493076
15.100000 1.988758
15.200000 2.265397
15.300000 2.362317
15.400000 2.501762
15.500000 2.516603
15.600000 2.310595
15.700000 2.876918
15.800000 3.250095
15.900000 2.465761
16.000000 3.348155
16.100000 2.856864
16.200000 3.385345
16.300000 3.563189
16.400000 3.650691
16.500000 3.932271
16.600000 3.811642
16.700000 3.837183
16.800000 4.188877
16.900000 4.030665
17.000000 3.712081
17.100000 4.320729
17.200000 3.858293
17.300000 4.028061
17.400000 4.382199
17.500000 4.937205
17.600000 5.033715
17.700000 4.272356
17.800000 5.516632
17.900000 5.039080
18.000000 5.080799
18.100000 5.500084
18.200000 5.497946
18.300000 5.956256
18.400000 5.329529
18.500000 5.853611
18.600000 5.620644
18.700000 5.750030
18.800000 5.034535
18.900000 6.101706
19.000000 6.357502
19.100000 6.256803
19.200000 6.243782
19.300000 6.394665
19.400000 5.433063
19.500000 6.082985
19.600000 6.675828
19.700000 6.560911
19.800000 6.175047
19.900000 6.540655
20.000000 5.824092
20.100000 6.042813
20.200000 6.281190
20.300000 6.659091
20.400000 5.583742
20.500000 6.121820
20.600000 6.478391
20.700000 5.798818
20.800000 5.577190
20.900000 6.356907
21.000000 5.675440
21.100000 6.451859
21.200000 5.872481
21.300000 5.936360
21.400000 5.779114
21.500000 6.155470
21.600000 5.663008
21.700000 5.411213
21.800000 5.824049
21.900000 5.613030
22.000000 5.407782
22.100000 5.323092
22.200000 4.527868
22.300000 5.178634
22.400000 4.702900
22.500000 4.993662
22.600000 4.429501
22.700000 4.276782
22.800000 4.517689
22.900000 4.252747
23.000000 4.075915
23.100000 4.063598
23.200000 4.459488
23.300000 3.760355
23.400000 4.357366
23.500000 4.077922
23.600000 3.006945
23.700000 3.039557
23.800000 3.743667
23.900000 3.500015
24.000000 4.033040
24.100000 3.358438
24.200000 3.158943
24.300000 3.328489
24.400000 3.247274
24.500000 3.517209
24.600000 2.950136
24.700000 2.860170
24.800000 2.658988
24.900000 2.427977
25.000000 2.613522
25.100000 2.702374
25.200000 2.249001
25.300000 2.795592
25.400000 1.794331
25.500000 2.727665
25.600000 2.501704
25.700000 2.575217
25.800000 1.762579
25.900000 2.131301
26.000000 2.357485
26.100000 1.894309
26.200000 1.986850
26.300000 2.022714
26.400000 1.654919
26.500000 1.837160
26.600000 1.312353
26.700000 1.332869
26.800000 1.790271
26.900000 1.771617
27.000000 2.210078
27.100000 2.051134
27.200000 1.919972
27.300000 1.753542
27.400000 2.517631
27.500000 1.816352
27.600000 2.207881
27.700000 1.554574
27.800000 1.666333
27.900000 2.049499
28.000000 2.215340
28.100000 1.733863
28.200000 2.060849
28.300000 1.849657
28.400000 1.620056
28.500000 1.568031
28.600000 1.943203
28.700000 1.613283
28.800000 1.877236
28.900000 1.964826
29.000000 1.866957
29.100000 1.827677
29.200000 1.669710
29.300000 1.823926
29.400000 2.028412
29.500000 1.939767
29.600000 1.688912
29.700000 1.376932
29.800000 2.206098
29.900000 1.977729
30.000000 1.816741
30.100000 1.827564
30.200000 1.573914
30.300000 1.494095
30.400000 1.934959
30.500000 1.848881
30.600000 1.401430
30.700000 1.554165
30.800000 2.056191
30.900000 1.835856
31.000000 2.404127
31.100000 2.183524
31.200000 1.763576
31.300000 2.134610
31.400000 2.358174
31.500000 2.375438
31.600000 2.175042
31.700000 2.533196
31.800000 1.654240
31.900000 1.698711
32.000000 1.823752
32.100000 1.899475
32.200000 1.922008
32.300000 1.623199
32.400000 1.842631
32.500000 1.922167
32.600000 2.261343
32.700000 2.112184
32.800000 1.778420
32.900000 2.921922
33.000000 2.313570
33.100000 2.097419
33.200000 2.167165
33.300000 1.768379
33.400000 2.004468
33.500000 2.213677
33.600000 1.404889
33.700000 2.316851
33.800000 2.178622
33.900000 1.242008
34.000000 2.034591
34.100000 2.103427
34.200000 2.274989
34.300000 2.071215
34.400000 1.664711
34.500000 2.051816
34.600000 2.203832
34.700000 1.809448
34.800000 2.308600
34.900000 2.313950
35.000000 1.920672
35.100000 1.744909
35.200000 2.460283
35.300000 1.579570
35.400000 2.323296
35.500000 2.524154
35.600000 1.780485
35.700000 2.562047
35.800000 2.571121
35.900000 2.458399
36.000000 2.449668
36.100000 2.673460
36.200000 2.400507
36.300000 2.220542
36.400000 2.294365
36.500000 2.861527
36.600000 2.395645
36.700000 2.763410
36.800000 2.916185
36.900000 2.466916
37.000000 2.803616
37.100000 2.329002
37.200000 1.764797
37.300000 2.446638
37.400000 2.274699
37.500000 2.667314
37.600000 2.724997
37.700000 2.454050
37.800000 2.310133
37.900000 2.284304
38.000000 3.597147
38.100000 2.690965
38.200000 3.008720
38.300000 2.309068
38.400000 2.154347
38.500000 2.570788
38.600000 3.142989
38.700000 2.807966
38.800000 3.221159
38.900000 3.546744
39.000000 3.632856
39.100000 3.001538
39.200000 3.258911
39.300000 3.396894
39.400000 2.998501
39.500000 3.060898
39.600000 2.921360
39.700000 3.132081
39.800000 3.451530
39.900000 3.052692
40.000000 3.720024
40.100000 2.734300
40.200000 3.006050
40.300000 4.030282
40.400000 3.663728
40.500000 3.368619
40.600000 3.607011
40.700000 3.745718
40.800000 3.567271
40.900000 3.628853
41.000000 4.037852
41.100000 3.724763
41.200000 4.241970
41.300000 3.870762
41.400000 4.254119
41.500000 4.726508
41.600000 4.616156
41.700000 3.763482
41.800000 4.330811
41.900000 4.680603
42.000000 4.885738
42.100000 4.205816
42.200000 4.975970
42.300000 5.001184
42.400000 4.494754
42.500000 4.594679
42.600000 5.245892
42.700000 5.052617
42.800000 5.057378
42.900000 4.678371
43.000000 4.742648
43.100000 4.994513
43.200000 5.256453
43.300000 5.445849
43.400000 5.120012
43.500000 5.507092
43.600000 5.409803
43.700000 5.698915
43.800000 5.855058
43.900000 6.061147
44.000000 6.302410
44.100000 6.368027
44.200000 6.323869
44.300000 7.171964
44.400000 5.833093
44.500000 6.517206
44.600000 6.342569
44.700000 6.663826
44.800000 6.207684
44.900000 6.265068
45.000000 6.988323
45.100000 7.025985
45.200000 7.276118
45.300000 7.854636
45.400000 7.485827
45.500000 7.350979
45.600000 7.171717
45.700000 7.566811
45.800000 7.528223
45.900000 7.210691
46.000000 7.639445
46.100000 7.865551
46.200000 7.686061
46.300000 8.321338
46.400000 8.138800
46.500000 7.928566
46.600000 7.810453
46.700000 8.389813
46.800000 8.677404
46.900000 8.299351
47.000000 9.147431
47.100000 8.790583
47.200000 8.811265
47.300000 8.634417
47.400000 9.070538
47.500000 9.384714
47.600000 9.045629
47.700000 9.283596
47.800000 9.255446
47.900000 9.317041
48.000000 9.418002
48.100000 9.153257
48.200000 9.219375
48.300000 9.097368
48.400000 9.341026
48.500000 9.594890
48.600000 9.672600
48.700000 9.779757
48.800000 9.231343
48.900000 9.713765
49.000000 10.486563
49.100000 10.058602
49.200000 10.125918
49.300000 9.706197
49.400000 9.798049
49.500000 10.158417
49.600000 9.840834
49.700000 9.853191
49.800000 10.231503
49.900000 9.950474
50.000000 9.569727
50.100000 10.339490
50.200000 10.038021
50.300000 9.285479
50.400000 10.041465
50.500000 9.923906
50.600000 10.192269
50.700000 10.151062
50.800000 9.842383
50.900000 9.636045
51.000000 10.436695
51.100000 9.683254
51.200000 9.213968
51.300000 9.506057
51.400000 9.827916
51.500000 9.347584
51.600000 10.486768
51.700000 9.699064
51.800000 9.550899
51.900000 9.786303
52.000000 9.826108
52.100000 9.830227
52.200000 9.939520
52.300000 9.057258
52.400000 9.848453
52.500000 9.439313
52.600000 9.196145
52.700000 9.630607
52.800000 9.520546
52.900000 9.240324
53.000000 8.795434
53.100000 9.140909
53.200000 8.628749
53.300000 8.751976
53.400000 9.100211
53.500000 8.221834
53.600000 8.211149
53.700000 9.067475
53.800000 8.720940
53.900000 8.816129
54.000000 8.077508
54.100000 7.791600
54.200000 8.002805
54.300000 8.328724
54.400000 8.105456
54.500000 8.300200
54.600000 8.028790
54.700000 8.108956
54.800000 7.515316
54.900000 7.285997
55.000000 7.617090
55.100000 7.535787
55.200000 7.374249
55.300000 7.351627
55.400000 7.067660
55.500000 6.928850
55.600000 6.708570
55.700000 7.380026
55.800000 6.972494
55.900000 6.872598
56.000000 6.500992
56.100000 7.006558
56.200000 6.183846
56.300000 6.764778
56.400000 6.224248
56.500000 6.449309
56.600000 6.141501
56.700000 6.358047
56.800000 5.771750
56.900000 6.745802
57.000000 5.964341
57.100000 6.004903
57.200000 5.749352
57.300000 6.230430
57.400000 6.215786
57.500000 5.706135
57.600000 5.885050
57.700000 5.753171
57.800000 6.166954
57.900000 5.442370
58.000000 5.522863
58.100000 4.634527
58.200000 5.725804
58.300000 5.257126
58.400000 5.501458
58.500000 5.379837
58.600000 5.389758
58.700000 5.492156
58.800000 4.563469
58.900000 4.942339
59.000000 4.966905
59.100000 4.844715
59.200000 4.925792
59.300000 4.918632
59.400000 4.607915
59.500000 4.405299
59.600000 5.089757
59.700000 4.970366
59.800000 4.230613
59.900000 4.596986
60.000000 4.960779
60.100000 4.700551
60.200000 4.517548
60.300000 3.869801
60.400000 4.947358
60.500000 4.548851
60.600000 4.438433
60.700000 4.710520
60.800000 4.451650
60.900000 4.115516
61.000000 3.780771
61.100000 4.389657
61.200000 4.153902
61.300000 4.475465
61.400000 4.551388
61.500000 4.016558
61.600000 4.202257
61.700000 4.576005
61.800000 4.018809
61.900000 4.781017
62.000000 3.962724
62.100000 4.219782
62.200000 3.866787
62.300000 4.109284
62.400000 3.606507
62.500000 3.840196
62.600000 4.067833
62.700000 3.843037
62.800000 4.352498
62.900000 4.121786
63.000000 4.550828
63.100000 4.104931
63.200000 4.304819
63.300000 4.155835
63.400000 4.132832
63.500000 3.693706
63.600000 3.810571
63.700000 3.995128
63.800000 4.334555
63.900000 4.202791
64.000000 3.365493
64.100000 4.417217
64.200000 4.352985
64.300000 4.006804
64.400000 4.164860
64.500000 4.012754
64.600000 3.999831
64.700000 3.934451
64.800000 4.017666
64.900000 4.577090
65.000000 4.453504
65.100000 4.402369
65.200000 4.488982
65.300000 3.952624
65.400000 4.142936
65.500000 3.678179
65.600000 4.324839
65.700000 4.020230
65.800000 3.948652
65.900000 4.236884
66.000000 3.965106
66.100000 4.300539
66.200000 3.979726
66.300000 4.116688
66.400000 3.983163
66.500000 3.683972
66.600000 4.348447
66.700000 4.431007
66.800000 4.314058
66.900000 4.161150
67.000000 3.856669
67.100000 3.818312
67.200000 4.101575
67.300000 4.459613
67.400000 3.875733
67.500000 4.298220
67.600000 4.095967
67.700000 5.083248
67.800000 4.216243
67.900000 4.172986
68.000000 4.749205
68.100000 4.081235
68.200000 4.770969
68.300000 3.624980
68.400000 4.705145
68.500000 4.327406
68.600000 4.270598
68.700000 4.244045
68.800000 3.674417
68.900000 4.291063
69.000000 3.283158
69.100000 4.517747
69.200000 4.391871
69.300000 4.127556
69.400000 4.344602
69.500000 4.303188
69.600000 4.057352
69.700000 4.332046
69.800000 4.625839
69.900000 4.792901
70.000000 4.058471
70.100000 4.121108
70.200000 4.907084
70.300000 4.692454
70.400000 4.930634
70.500000 4.669620
70.600000 4.447555
70.700000 4.308118
70.800000 4.631909
70.900000 4.899666
71.000000 4.600494
71.100000 4.695905
71.200000 5.792278
71.300000 5.200704
71.400000 4.930396
71.500000 4.797251
71.600000 4.736166
71.700000 5.500950
71.800000 4.972290
71.900000 5.721025
72.000000 5.640896
72.100000 5.457601
72.200000 5.762438
72.300000 6.309316
72.400000 6.240641
72.500000 5.864017
72.600000 6.239041
72.700000 6.348528
72.800000 6.282441
72.900000 6.017774
73.000000 7.065411
73.100000 6.943516
73.200000 7.236634
73.300000 7.191765
73.400000 7.444355
73.500000 7.767070
73.600000 7.505455
73.700000 7.717874
73.800000 7.296844
73.900000 7.433462
74.000000 7.306578
74.100000 7.912760
74.200000 8.707832
74.300000 8.302015
74.400000 8.080400
74.500000 8.147545
74.600000 8.666219
74.700000 8.429856
74.800000 8.525969
74.900000 8.541028
75.000000 8.562955
75.100000 8.553938
75.200000 8.031382
75.300000 8.461461
75.400000 8.405495
75.500000 8.431384
75.600000 8.485703
75.700000 8.188699
75.800000 8.133675
75.900000 8.354484
76.000000 7.734154
76.100000 7.874448
76.200000 8.091129
76.300000 7.697723
76.400000 7.319349
76.500000 7.569410
76.600000 7.215940
76.700000 7.429751
76.800000 7.368277
76.900000 7.594285
77.000000 7.125776
77.100000 7.104956
77.200000 6.968687
77.300000 6.691305
77.400000 6.599698
77.500000 7.223015
77.600000 6.941483
77.700000 6.098639
77.800000 6.138059
77.900000 6.369536
78.000000 5.638847
78.100000 5.952181
78.200000 5.728329
78.300000 6.035782
78.400000 5.886096
78.500000 5.357685
78.600000 5.889222
78.700000 5.533376
78.800000 5.646747
78.900000 5.153876
79.000000 5.249337
79.100000 4.869590
79.200000 5.347617
79.300000 4.877042
79.400000 5.079982
79.500000 5.284520
79.600000 4.751305
79.700000 5.163554
79.800000 5.734551
79.900000 4.402855
80.000000 5.270748
80.100000 5.329891
80.200000 5.120689
80.300000 4.939083
80.400000 5.220946
80.500000 5.174190
80.600000 4.853329
80.700000 4.983350
80.800000 4.923188
80.900000 5.358321
81.000000 4.730737
81.100000 5.421480
81.200000 4.930587
81.300000 4.722894
81.400000 5.211618
81.500000 4.814242
81.600000 4.963018
81.700000 4.901784
81.800000 4.890198
81.900000 4.698004
82.000000 4.779686
82.100000 4.808326
82.200000 4.939139
82.300000 4.072579
82.400000 4.847223
82.500000 5.375459
82.600000 4.949457
82.700000 5.153591
82.800000 4.968047
82.900000 4.601087
83.000000 4.799349
83.100000 5.618910
83.200000 5.022863
83.300000 5.001896
83.400000 4.979390
83.500000 5.570085
83.600000 5.285382
83.700000 5.186141
83.800000 5.095385
83.900000 4.730868
84.000000 4.568161
84.100000 4.567671
84.200000 5.367832
84.300000 5.222098
84.400000 5.287798
84.500000 5.330807
84.600000 4.882756
84.700000 4.681569
84.800000 5.410569
84.900000 5.249554
85.000000 4.731493
85.100000 4.945333
85.200000 5.770427
85.300000 5.351350
85.400000 5.018450
85.500000 5.120311
85.600000 5.159191
85.700000 5.120520
85.800000 5.404918
85.900000 5.064783
86.000000 5.366046
86.100000 5.212068
86.200000 4.892629
86.300000 5.558090
86.400000 5.562188
86.500000 5.888424
86.600000 5.360110
86.700000 5.478504
86.800000 5.001468
86.900000 4.981862
87.000000 5.441967
87.100000 4.350994
87.200000 5.434497
87.300000 5.344880
87.400000 5.593014
87.500000 5.380877
87.600000 5.533728
87.700000 5.000064
87.800000 5.294141
87.900000 5.320673
88.000000 4.976692
88.100000 5.281512
88.200000 5.351677
88.300000 6.042182
88.400000 5.239658
88.500000 5.096961
88.600000 5.554272
88.700000 5.088383
88.800000 5.724411
88.900000 5.235650
89.000000 5.145871
89.100000 5.271038
89.200000 4.759990
89.300000 5.158845
89.400000 5.286271
89.500000 5.370893
89.600000 5.745345
89.700000 5.374432
89.800000 5.332230
89.900000 5.520749
90.000000 5.118377
90.100000 5.202354
90.200000 5.719224
90.300000 5.111073
90.400000 5.446464
90.500000 5.298501
90.600000 4.817421
90.700000 5.281193
90.800000 5.209375
90.900000 5.911056
91.000000 5.249752
91.100000 5.177509
91.200000 5.507385
91.300000 5.704238
91.400000 5.231198
91.500000 5.490677
91.600000 6.126384
91.700000 5.629093
91.800000 5.226967
91.900000 5.014461
92.000000 5.940493
92.100000 5.501882
92.200000 5.736581
92.300000 5.645956
92.400000 5.477659
92.500000 5.947399
92.600000 5.495810
92.700000 6.065503
92.800000 5.328019
92.900000 5.884581
93.000000 5.106866
93.100000 5.472255
93.200000 5.713072
93.300000 5.167840
93.400000 5.210583
93.500000 5.783150
93.600000 5.403857
93.700000 6.217150
93.800000 5.376583
93.900000 5.988115
94.000000 5.967198
94.100000 5.576195
94.200000 5.437092
94.300000 5.602490
94.400000 5.627591
94.500000 5.844209
94.600000 5.547515
94.700000 5.562693
94.800000 5.651541
94.900000 5.659947
95.000000 5.893558
95.100000 5.718940
95.200000 5.978630
95.300000 6.017498
95.400000 5.884542
95.500000 5.796284
95.600000 6.123913
95.700000 5.944916
95.800000 5.321681
95.900000 6.144359
96.000000 5.879690
96.100000 5.431053
96.200000 5.144297
96.300000 5.818436
96.400000 5.459170
96.500000 5.835257
96.600000 6.133491
96.700000 5.629118
96.800000 5.682756
96.900000 5.460277
97.000000 6.050156
97.100000 5.792881
97.200000 6.053637
97.300000 6.022728
97.400000 5.592371
97.500000 5.969299
97.600000 5.449321
97.700000 6.057648
97.800000 5.756072
97.900000 6.536851
98.000000 5.865004
98.100000 5.866696
98.200000 5.702120
98.300000 6.201569
98.400000 5.500447
98.500000 5.823972
98.600000 5.943046
98.700000 5.854445
98.800000 5.569190
98.900000 6.523523
99.000000 5.765578
99.100000 5.950640
99.200000 5.488389
99.300000 6.064503
99.400000 5.826531
99.500000 6.181879
99.600000 5.991934
99.700000 5.953627
99.800000 6.138163
99.900000 5.874207
100.000000 6.196381
